11

20

1

44 31 16

20

2

44 31 16

30 46 9

20

3

44 31 16

30 46 9

93 67 11

20

4

44 31 16

30 46 9

93 67 11

11 73 11

20

5

44 31 16

30 46 9

93 67 11

11 73 11

79 40 6

20

6

44 31 16

30 46 9

93 67 11

11 73 11

79 40 6

56 52 9

20

7

44 31 16

30 46 9

93 67 11

11 73 11

79 40 6

56 52 9

91 41 11

20

8

44 31 16

30 46 9

93 67 11

11 73 11

79 40 6

56 52 9

91 41 11

26 11 11

20

9

44 31 16

30 46 9

93 67 11

11 73 11

79 40 6

56 52 9

91 41 11

26 11 11

11 93 4

20

10

44 31 16

30 46 9

93 67 11

11 73 11

79 40 6

56 52 9

91 41 11

26 11 11

11 93 4

66 40 1

20

11

44 31 16

30 46 9

93 67 11

11 73 11

79 40 6

56 52 9

91 41 11

26 11 11

11 93 4

66 40 1

62 92 17
